-2.446551622562392956e-04 -2.064073115802723783e-03
-3.962418932468819818e-04 -1.340335571267367576e-02
-6.897871055685446569e-04 -2.575471415687634455e-04
-2.467246357634219744e-04 -1.719843859674394801e-03
-1.857526120658907205e-04 -4.257871970775418263e-03
2.951968205556874275e-04 -6.184527384200173188e-04
5.908424892118809175e-04 8.703961851594933753e-04
-7.075888310117566839e-04 -5.813634130764966162e-04
-6.607488239584458946e-03 2.001750287024097689e-03
9.565833858758412891e-05 3.280228274673200033e-03
-4.170125531616773393e-03 -2.444080850632290251e-03
7.733584692961845185e-04 1.003271839266536500e-03
-6.671757431630761896e-03 -2.021100774088482128e-04
2.528304362016529049e-03 4.441656071776263308e-03
2.282610871969847043e-03 -3.821784439656373644e-04
2.417540510125258148e-03 -1.962898412373480228e-03
-4.891737143967083215e-04 -2.158883401054363226e-03
2.788279783167382786e-03 4.462604183435253322e-03
-1.373523889239624889e-04 -4.709962522815243184e-03
-1.707261151698965520e-03 -5.308008228907507009e-03
3.239199385836415124e-04 -9.640336895483566856e-03
3.976448878170981728e-03 3.299874441226745194e-04
-2.254713489852507285e-03 -3.730717326186832467e-03
-1.790107976055422450e-03 2.134161178915577536e-03
1.066533093467355968e-03 -5.136228934337312875e-03
-6.736411954443899223e-03 1.196312737435956423e-03
3.524563187771090431e-03 -3.881469145823579579e-03
-3.905247313322714382e-04 -1.327998250611138985e-02
-2.436366990610811401e-03 -1.111899987996371308e-03
-2.907106264067080715e-03 9.974135189876832865e-04
7.835241183456228675e-04 -1.092902753784386408e-02
-3.284475388345760197e-04 1.257662883679398639e-03
3.657381691299132435e-03 -1.697530406051478240e-04
1.398897699682281589e-03 6.355205700849491345e-03
9.405902792844422712e-05 1.459166490859938438e-03
-2.823152944890835927e-03 -5.193463285846277797e-03
1.147390985218106185e-03 -1.456504274574828652e-04
-6.705166844337739733e-03 1.190697914426412738e-03
1.444292481100516862e-03 2.622086977001013546e-03
1.328681935674812980e-03 2.272951445193023123e-03
1.022796974580717205e-03 -4.591048152015364298e-04
-1.265743410736488604e-03 -1.987105040088921193e-03
-6.736411954443899223e-03 1.196312737435956423e-03
-2.870020634431900064e-04 1.644182641547791129e-03
7.765830981118493348e-04 -2.747355998579766121e-03
-7.447398801679444005e-04 5.464694238608247719e-03
-2.533407930331978229e-04 2.052573849976752421e-03
2.293850829067980556e-03 1.479932233942421688e-04
-9.788895822532244883e-06 1.796390996495307851e-03
1.452103863228049912e-04 6.301311711089686840e-05
1.852068208981748907e-03 -5.785321851812848075e-03
3.168147464774773419e-03 1.607024538569435239e-05
1.396725629452971002e-03 2.237700868723761782e-03
6.355648036413212706e-04 -2.886105977923348991e-03
3.065885055544973967e-03 2.556546717909721073e-03
-2.705752701060370959e-04 3.795733009546199254e-03
-3.922555198064122707e-03 -1.484242385018033281e-03
-1.045660067001452550e-04 -1.238405207925239674e-03
-1.831156815887229755e-03 -3.522312870088300553e-03
-1.311681910010763447e-03 -4.630786745646643839e-03
-5.048265978663593194e-05 2.865938942190864123e-03
-9.714721724601381827e-05 6.530471126895171386e-04
-3.288488090339892686e-03 -2.079721404210066547e-03
2.008514071453278930e-03 -8.281580424579678681e-04
-6.736400708941003151e-03 1.196694557279158466e-03
-1.547465146404079870e-03 3.726404384589773874e-04
-1.234731412731907441e-03 1.065205254413799303e-04
-2.521914968163778848e-04 -1.225392442717938846e-02
-6.661183223021983901e-03 1.604910149051951528e-04
3.198582683293010442e-03 -2.527632237304323470e-03
1.468391882819888687e-03 -8.795802114667033381e-04
3.445741485027680774e-04 -2.926269121343474770e-03
3.938290042733107524e-03 4.726462141734274341e-03
-6.714302805825902651e-03 -1.661037144845549374e-03
-3.912261455705029695e-04 -1.880943364993329769e-03
-6.673391608624745092e-03 -2.581477805577110434e-04
-1.744407880449867429e-03 3.373160266066182588e-03
1.383233560723929082e-03 2.865509456108570642e-03
-1.043191705855020437e-03 -8.350206265319839657e-03
-8.872727124020490395e-05 2.254709851880432221e-03
7.331731071418358175e-04 -1.675655793619893613e-03
-6.557888081242246869e-03 3.702593561376209090e-03
-1.939250432529810364e-03 1.499932107078847136e-03
-1.251371158503434590e-03 -5.602834828040208562e-03
-1.169433066281521852e-04 -4.010112935258854441e-03
1.888115802064586890e-04 2.818752745860191207e-03
-3.983470119483381111e-04 -1.340297599524917574e-02
-2.573376330958314188e-03 4.570138359932349181e-03
3.343706320131418011e-03 -3.476295958714549061e-03
-1.706364723561010948e-03 -6.238959417358242235e-03
1.526414061003959505e-03 1.075447217561437607e-03
4.259044342432478231e-03 -7.127157215851208719e-03
-6.736411954443899223e-03 1.196312737435956423e-03
-1.265859939808447248e-03 -3.074799255255692906e-03
-1.584054829390243221e-03 -1.066991857060519333e-03
-3.962418932468819818e-04 -1.340335571267367576e-02
1.116972485693069894e-03 -4.009596042990552778e-03
7.452035807036194682e-04 -1.351843461399541329e-03
