-4.699443692733473732e-01 3.284174505023959023e-01 -4.560886089727797521e-01
-2.590770664416982005e-01 5.092640222051292298e-01 1.085466577632676621e-01
-1.077811704372522439e-01 -6.957308033345499521e-02 -1.261288654225100059e-01
-3.019421034840858581e-02 -3.262456583048610470e-02 4.851224689859579692e-02
-1.375481805444075831e-07 -1.450322144696047605e-07 3.479663869626404288e-07
-1.228688656396108164e-01 -7.282093532636543798e-02 -2.156951502970987644e-01
-6.950288847781262158e-02 -1.196237251713869049e-01 -6.857489716960417370e-02
-4.778256762539530300e-02 -5.426075573243500233e-02 1.537632851608226603e-01
-1.462787951600146019e-01 2.298988471949002174e-02 5.173750838012906861e-02
-1.984482599929692295e-02 3.319903022213042260e-02 -7.209585700445094412e-03
-4.862292571511694222e-02 2.773568757125581107e-03 1.704099668310249671e-01
-5.760633321349045016e-02 -9.929799311424213071e-02 -2.989359876367883237e-02
-8.532065083822210072e-02 -1.389119970499925194e-01 3.841316510726770772e-02
-7.963521192061784326e-02 4.505284865429902419e-02 -3.390602459063862817e-02
-8.468876195583144306e-02 4.529772535025811120e-02 5.638624599379060340e-03
-1.428662105423133266e-01 -7.885852490308968565e-02 -1.532468751832291309e-01
-1.239870445984998792e-01 1.457605929046950355e-01 2.222543582714865962e-01
-1.524818233960001934e-01 -3.884325941000415366e-02 5.581065161584433665e-02
-4.246504502467619846e-02 -3.865950481512145376e-02 -5.644380398352016187e-02
-1.448275272835056193e-01 -5.173566082206948469e-02 -7.055767176308526401e-02
-1.184782674202749179e-07 -1.283222863995593190e-07 3.023511196880871487e-07
-6.964198289882969628e-02 -1.041882589830906390e-02 4.534106394340262081e-02
-7.709403234836807728e-02 -3.610977274052139946e-02 2.098739575818175593e-02
-4.098689677623357577e-03 -1.381010422992937081e-02 -3.125307652150387423e-03
-2.937946612991710824e-02 -5.612885899768173259e-02 -3.236097716594307783e-02
-7.648336068239118546e-02 -1.420582814853117715e-01 1.238539708949020490e-01
-1.110082760301602384e-01 -6.322938314723261510e-02 -1.247950056464396246e-01
-7.672506356621774937e-02 -2.009347653637330935e-02 -4.030450375611342034e-02
-8.977628144965088541e-02 -1.798115195536544864e-01 -1.355638912139128516e-01
-4.768562574157341610e-02 -6.685157626477136739e-02 -6.746018888937890812e-02
-5.218614825032438960e-03 -1.961506578260531052e-03 -3.123608814729097034e-05
-7.903987993793323841e-02 5.004391974420580730e-02 -2.537205964880392267e-02
-5.357772127316682426e-02 -8.717308692044642426e-02 -2.360999564711728504e-02
-1.138181126809589688e-01 -9.215655185557131146e-02 -2.332921210579839422e-01
-1.099275400137540715e-01 -8.031662389941357505e-02 -5.423679974715569369e-02
-1.366616150032769206e-01 -3.282102925664668464e-02 7.184271636490496826e-02
-6.032458105255635722e-02 -1.040246602046764751e-01 -3.873883002601653802e-02
-1.043744368596156852e-01 1.554257948286802693e-01 2.193397628846343594e-01
-1.213057359804326218e-01 5.878497392702032587e-02 -7.535106865238390232e-03
-1.043675198051349923e-01 -1.297654592840970234e-01 1.243760761527877567e-01
-7.397013966327864454e-02 -1.264338081701604499e-01 6.500595700686992440e-02
-8.349312600052141015e-03 -2.056326792741512005e-02 -1.882592862105037304e-03
-7.227257688068652874e-02 -1.735090850024364334e-02 -2.971043520934896209e-02
-8.577966951185084232e-02 9.498038883715137493e-02 1.480528067243716828e-01
-1.200119227370275571e-01 5.157175212743370096e-02 6.916325450076410419e-02
-1.059880645642523739e-01 -3.486791924393555647e-02 4.848798928494156557e-02
-2.497575672114086404e-02 -3.066323071172268391e-02 4.854389199801633498e-02
-5.539317763936364020e-02 2.628589575754525925e-02 1.693378103444988514e-01
-8.649716573794119859e-03 2.438503853005873773e-02 -1.005354869309698675e-02
-2.101955017574792521e-07 -2.264746484408391593e-07 5.355811024229708349e-07
-1.858327862544256401e-02 7.042293984971559860e-03 9.331297503479703270e-02
-4.467908378942269526e-02 -8.266391949788606808e-03 1.268945757958903908e-01
-6.562998557637285402e-02 7.443124943361965895e-02 -3.271180527407210620e-03
-9.510646618794237062e-02 -2.136425764813092709e-01 4.802070281014648306e-02
-9.843677075019305334e-02 -2.008304081577052813e-01 2.015899043400570453e-02
-2.772727163260354025e-03 9.877479645046691181e-03 -1.748714549743957125e-03
-1.510428738121644687e-01 -8.710543443459894952e-02 2.671718192561399474e-02
-8.050500832562954012e-02 -1.557651118600242857e-01 2.781308805146622681e-02
-1.058357826116137351e-01 -1.284261789478103322e-01 7.662282331380831923e-02
-1.490706900806635649e-01 -3.979011957323726895e-02 8.692004536981028096e-02
-6.237890400188597639e-02 -7.840155252651550416e-03 -1.213555192521894449e-02
-2.787413119328803219e-03 -1.607214716556843630e-03 2.012444444504490199e-02
-1.084681660612943216e-01 -8.944412106255603817e-03 -9.600030804385387140e-03
-9.600420966764176833e-02 -5.187294707962853552e-02 2.776698889649974189e-02
-8.936960458813759944e-02 -9.523943762808273483e-02 -5.538771158308779252e-02
-8.365037914047228351e-02 9.872042645300532770e-02 6.012639936977230704e-02
-4.817827352184713557e-02 -6.952564519403012233e-02 2.507510248335086123e-02
-6.934931927439927368e-02 1.006293951371549228e-01 -1.705131374919869464e-02
-8.421936097547993993e-02 -1.916759712724259990e-02 -7.585850978404965438e-03
-1.582721352422648326e-07 -1.668456543640325521e-07 4.005490009893682534e-07
-2.140574173071614628e-02 3.146655885919483198e-02 -8.506786566726070274e-04
-9.455019975975782753e-02 -2.988411621048991593e-02 -3.448998798717398118e-02
-5.356820753624810111e-02 1.579041982770620564e-02 1.193415435398590269e-01
-4.022868329036573959e-02 -3.264284220740702736e-02 9.672622242190315189e-02
-1.770947083065323446e-01 -1.146485374076965935e-01 1.512578731164303247e-01
-3.379026720496512703e-02 -5.295938318970054614e-04 1.719101263284810999e-01
-1.149111598570332904e-01 -2.027540366656631343e-01 8.466802727847257126e-02
-2.720754611949511778e-02 3.598626123592544440e-02 5.751426090671095392e-02
-7.982765003999256828e-03 6.414530726482041943e-03 4.681334237393824926e-02
-2.772643089968940266e-03 9.877570651263670176e-03 -1.748929128241920533e-03
-2.851579637816628252e-02 -4.430482135244287467e-02 7.228168502755708685e-03
-5.097793515243460166e-02 -9.196537300667226300e-02 2.507320779909789910e-02
-3.499435778353304077e-02 -3.592445786603613161e-02 6.456472070118807194e-02
-1.125100959881573659e-01 1.310176285675727914e-01 1.768653688950879710e-01
-1.434097019183067367e-01 1.477870665994225098e-02 5.330453743739511224e-02
-3.496957059409734614e-02 -3.465071758650022787e-02 6.265196986773385879e-02
-1.203242738723825922e-01 -1.785276396137813193e-01 1.182751424417125413e-01
-1.133540771892681126e-01 -1.720639912641827030e-01 2.263258312107108844e-02
-1.795159614216532695e-01 1.136341332358493071e-02 1.213755704923578788e-01
-5.330281713637614188e-02 1.997428018303528882e-02 4.054364256579006537e-02
-1.368315475579040362e-07 -1.434367462447949513e-07 3.457232357965416676e-07
-4.387380304880271475e-02 -3.486767147271276068e-02 1.228369191327662868e-01
-3.674072891810890168e-02 -3.923602125800276785e-02 7.080766752025052790e-02
-1.376847858975429467e-02 -3.115125242637244163e-02 -1.514233723146380869e-02
-1.294836311359244263e-01 -6.204938955496738795e-02 3.757198094817196243e-02
-1.116792722553702211e-01 -9.696146290584355121e-02 6.736772329812484861e-03
-1.187575058490117907e-01 -4.956861202942228206e-02 -1.608541769674132205e-01
-6.324374225320829324e-02 4.871336287420114514e-02 5.246922580307126355e-03
-7.569391007288402140e-02 7.284819674840370407e-02 2.269854659430280142e-01
