-2.633585738569188799e-03 3.464825116505344479e-04 8.982303099528028689e-03
-1.321369394257956333e-03 1.219355520972944130e-03 -1.804789688386387609e-03
-3.208913797074092471e-04 -2.047815642128566604e-03 2.934621048655913604e-03
-6.970115202256068265e-04 2.707911070679727607e-03 -1.439426690953148373e-03
2.325016431007887157e-05 -2.078617702434325601e-03 1.057198334615546721e-03
-3.017528003961986779e-03 6.111085558667729740e-03 -6.414257665689142296e-03
-5.030570641529630033e-04 3.147125061704779923e-03 3.107501234433724530e-03
-3.222254625703836750e-03 -3.900181983265035759e-03 8.116526378367169836e-03
-7.443825742633300609e-04 2.709058226214278078e-03 6.070989444131103582e-04
-1.366720299408599130e-03 5.975921739174130248e-03 1.030179792015097811e-03
8.318104964472090252e-06 -7.802467786440900246e-04 3.441757537529703081e-04
-8.550751502108229008e-04 3.011043939902932100e-03 1.853129388478090426e-04
-6.000924967361481862e-04 -8.939730219041146448e-04 5.282438078925783854e-03
5.198394578309014670e-03 1.204971338637027788e-02 8.292255607679649768e-03
-1.529469578883363651e-03 2.266755057187434547e-03 -1.233766858103290537e-02
-4.261025435615895180e-05 2.813076692107945032e-03 -3.252395300909323873e-03
-1.774525755660622504e-03 -7.023121085152771344e-03 -5.171431306050282110e-03
-2.778273341086367858e-03 5.788305936858960735e-03 -9.461741366396733341e-03
-8.118931753363054253e-04 1.318343701704853110e-03 5.838581053622766623e-04
-2.527051487684426907e-03 5.883935193710441644e-03 5.416250725964662574e-03
-1.285506057441488477e-03 5.916116968745931473e-03 -4.373951403842414316e-04
-2.613349113097551343e-03 1.097489947373943720e-03 7.383048196924538002e-03
-5.729041987106382782e-04 4.385336981676012168e-04 1.259164494111739705e-03
-2.751378513993842350e-03 4.329307003847478880e-03 1.628209499882601928e-03
-3.510462682798266170e-04 2.281233852013845025e-03 -3.397500224106236952e-03
-3.653789439461819534e-03 -3.896961185773350263e-03 -7.792484841510138177e-03
-3.220363458508250856e-03 6.325705381248235282e-03 1.205441019949168857e-03
-6.325743494212145157e-04 3.882474883314655702e-03 -3.004232872519344011e-03
1.637950060959498947e-03 -8.346096041110062300e-03 -5.141706705065301510e-03
-2.669177686887298784e-03 4.278190663220608932e-03 -5.545508068330376288e-03
-3.530719423159751902e-03 -2.931860833416998283e-03 6.074233686898080145e-03
-4.546829306695344746e-04 4.809101216034805150e-03 2.670723020075562153e-03
6.668052384878668754e-05 8.672406454225130290e-03 1.755986692865869458e-03
-1.262657418785350510e-03 3.983115433431507445e-03 -8.259997866588653093e-03
6.525556156014867540e-04 -4.607485784273775836e-03 -7.849433544944500393e-03
-5.750423249864647151e-04 -3.755024571329459906e-03 5.025308288423711162e-03
-8.729932983237033818e-04 2.925877483428058774e-03 2.828722415022446625e-03
-1.112066087550835249e-05 2.387377572279315938e-03 1.081307530538647838e-03
-2.794865767873187887e-03 -1.368556968317923396e-03 2.010054419605239104e-02
1.757190553429453144e-03 -2.547201946475302885e-03 -4.866776318640997009e-03
-2.022892036151254934e-04 2.290663981910339027e-04 7.401263698854670253e-03
-5.427963580620585307e-04 8.743058620444895280e-04 -3.451764700625033645e-03
-2.602625875158848560e-05 6.246663903026926845e-04 -3.305652686977388673e-03
-1.069489630774754984e-03 3.407156662047185029e-03 -7.057928342390635797e-04
-8.931193498518605334e-04 1.903393643270463341e-03 -1.071307034989698280e-03
-2.354016584835730199e-03 -5.796738210755397573e-04 -9.630111212347523472e-03
-3.208809894810218889e-05 2.112415387061432237e-05 -4.898881528577996372e-03
-4.804386592998365914e-04 2.559342501045077864e-03 -4.163474773139337615e-03
-1.817375760582280947e-04 8.734258163809117265e-03 -4.343156943901675768e-05
-1.653401640343166385e-03 -4.663979081914683866e-04 -5.987573319279686397e-03
1.381813634324919636e-05 -3.150548193203580823e-04 1.753957979568530889e-03
4.587335420769270340e-05 -1.251706456932051873e-03 5.442316044497732749e-03
-1.268173420444142219e-03 3.588882955015229928e-03 -6.167676203805936078e-03
-4.096412858810428818e-03 -1.369489525090085771e-02 -3.290089456154365096e-03
5.562343648031043515e-04 2.031587721615047294e-03 1.696212942615933292e-02
-1.929612060100648454e-03 4.668609326589781040e-03 1.772035597306914146e-03
-7.233790722809381934e-04 1.345007080137574371e-03 1.370928485687857761e-03
-1.374920465772279648e-03 3.360481963195583420e-03 -5.474334208495540248e-03
-6.113588061498738489e-04 2.727228783562253654e-03 8.380307959858074838e-05
-2.199491776092459320e-04 3.715814158143328412e-04 -9.253770999241562462e-03
-1.764676826267049751e-03 -2.660838753846075412e-03 7.385524564825235059e-04
-4.409849624572940432e-04 -2.466349021198217719e-03 -4.054961982022776620e-03
-6.848836984168523009e-04 -1.887465240660704318e-03 5.028328371093557236e-04
-2.249662951018676933e-03 -1.977595414518866675e-03 6.517554791349049930e-04
1.002888658685954261e-03 -4.060145987079517328e-03 -8.147266897108694853e-03
-1.041582364390983848e-03 -3.356990232116613057e-03 -3.565768695347676549e-03
-2.777045719036729584e-03 9.500036466893544557e-03 -1.500195592088108968e-03
1.747851851145843882e-04 -2.987543796295969757e-03 -2.668156775384191402e-03
-1.463593869721385363e-04 -1.771923289397220064e-03 -5.148223517512350196e-03
-3.814757091396541052e-04 -5.749018488565548098e-03 1.892294902636495373e-03
-1.745232903925859284e-03 -3.128951127467495368e-03 6.070726465602994774e-03
-4.169533681915793208e-05 2.522352687287350136e-03 -3.409369910443367166e-03
-7.014249141501955080e-06 5.397664425695070925e-04 -4.222481923131340725e-04
-9.025587869231800750e-04 -4.497540827764589903e-04 -6.007630234339602325e-03
-1.352032905146722955e-03 2.853598907656613656e-03 -4.537100794742938634e-03
7.225731893635928285e-07 8.840459536641206246e-04 1.119184616222995438e-03
-4.262685602575293047e-03 -6.990907657083230038e-03 1.497263631350286050e-03
1.250765914087553516e-03 9.494330305199171968e-03 -8.228546347184612433e-03
-9.126363206325571612e-04 4.842048315863224412e-04 -8.483041729107656387e-03
-8.407714816442409065e-04 -3.348536683322090473e-04 5.575382845955829079e-03
-5.216723617956516186e-03 -2.027880707569839659e-03 -9.277941293771619388e-05
-8.782143265054790033e-04 5.400132731176714856e-03 1.855101392313030645e-02
-2.180727181000684852e-03 -3.382033446984696219e-03 7.154316123871499837e-03
-2.801805955094613734e-03 -4.613075349647349603e-03 8.644405285228941999e-03
1.752712903915376380e-03 -3.612065133729054113e-03 -1.540068874891041030e-03
4.622718917157514701e-04 5.436796052104997216e-03 -9.323594792188567501e-03
-4.461112441710922112e-05 2.273417006356975509e-03 -4.153948424320447891e-03
-4.305305749596654435e-03 2.823861924569897631e-03 7.727012973751456321e-03
-1.764326203119795378e-03 8.963290364443391540e-04 -1.003326392919405043e-02
-9.128427969533065966e-04 2.255384304582532841e-03 -4.458176648007961852e-03
-3.790488270426354764e-03 -1.849588534818286342e-05 -8.646037281636081290e-03
-2.867350537622687968e-03 7.991274381110406722e-03 -1.496530122288833179e-03
-1.126285877451079767e-03 5.362959778506766473e-03 2.218594308709086454e-03
-6.651791369087634151e-04 1.752203962196225828e-03 -1.480295169271262116e-03
-3.009724966904652344e-03 -1.284968407420149098e-03 -5.166111705052197321e-03
1.167174730118781395e-03 -1.106208941338097333e-03 -7.819900898148020654e-03
1.138945456305186357e-04 1.252597183796856249e-03 -1.220427653240501245e-03
-6.195259388061430698e-04 -4.468396435746654384e-03 -3.527120954729006264e-03
